image_width: 640
image_height: 480
camera_name: narrow_stereo
camera_matrix:
  rows: 3
  cols: 3
  data: [268.605981, 0.000000, 320.940380, 0.000000, 267.527477, 252.490292, 0.000000, 0.000000, 1.000000]
distortion_model: plumb_bob
distortion_coefficients:
  rows: 1
  cols: 5
  data: [-0.025734, -0.025026, 0.000300, 0.000563, 0.000000]
rectification_matrix:
  rows: 3
  cols: 3
  data: [1.000000, 0.000000, 0.000000, 0.000000, 1.000000, 0.000000, 0.000000, 0.000000, 1.000000]
projection_matrix:
  rows: 3
  cols: 4
  data: [268.186279, 0.000000, 320.438914, 0.000000, 0.000000, 266.970123, 251.964263, 0.000000, 0.000000, 0.000000, 1.000000, 0.000000]
