# oST version 5.0 parameters


[image]

width
320

height
240

[narrow_stereo]

camera matrix
190.139395 0.000000 155.972114
0.000000 195.942656 133.193820
0.000000 0.000000 1.000000

distortion
0.075469 -0.219867 -0.007941 0.005980 0.000000

rectification
1.000000 0.000000 0.000000
0.000000 1.000000 0.000000
0.000000 0.000000 1.000000

projection
189.545212 0.000000 155.484702 0.000000
0.000000 195.643066 132.357145 0.000000
0.000000 0.000000 1.000000 0.000000

