# oST version 5.0 parameters


[image]

width
640

height
480

[narrow_stereo]

camera matrix
268.605981 0.000000 320.940380
0.000000 267.527477 252.490292
0.000000 0.000000 1.000000

distortion
-0.025734 -0.025026 0.000300 0.000563 0.000000

rectification
1.000000 0.000000 0.000000
0.000000 1.000000 0.000000
0.000000 0.000000 1.000000

projection
268.186279 0.000000 320.438914 0.000000
0.000000 266.970123 251.964263 0.000000
0.000000 0.000000 1.000000 0.000000

